{
	"asset": {
		"generator": "SOLIDWORKSGLTF",
		"version" : "2.0"
	},
"extensionsUsed": [ "KHR_lights_punctual", "Solidworks_custom_properties", "KHR_draco_mesh_compression"],
"extensionsRequired": [ "KHR_draco_mesh_compression" ],
	"scene" : 0,
	"scenes": [
		{
			"name": "Default - Display State-1",
			"nodes": [
				0, 1]
		}
	],
	"nodes": [
		{
			"matrix": [
				0.659019,					-0.103014,					-0.745038,					0,
				-0.141432,					0.955932,					-0.257277,					0,
				0.738708,					0.274923,					0.615408,					0,
				20.3417,					8.30786,					18.96,					1
			]
			,"camera": 0
			,"name": "current"		}
,
		{
			"children": [
				2, 3, 4, 10, 11, 14, 17, 21, 22, 23, 29, 30, 31, 32, 41, 44, 45, 46, 49, 50, 51, 61, 62, 63, 64, 65, 69, 70, 71, 72, 73
			]
			,"name": "surface modeling assembly"		}
,
		{
			"matrix": [
				-0.988801,					-0.00849393,					0.148997,					0,
				-0.00940309,					0.999941,					-0.00539846,					0,
				-0.148943,					-0.00673904,					-0.988823,					0,
				1.56503,					0.635145,					2.46537,					1
			]
			,"mesh": 0
			,"name": "Mirrorarm-2"		}
,
		{
			"matrix": [
				-1,					0,					0,					0,
				0,					1,					0,					0,
				0,					0,					-1,					0,
				0.593174,					1.41245,					2.88209,					1
			]
			,"mesh": 1
			,"name": "Mirrorhead_lamp_1-4"		}
,
		{
			"children": [
				5, 6, 7, 8, 9
			]
			,"matrix": [
				-0.999656,					-0.0261647,					0.00206009,					0,
				-0.0261647,					0.999658,					2.69555e-05,					0,
				-0.00206009,					-2.69555e-05,					-0.999998,					0,
				1.55998,					0.706505,					2.58718,					1
			]
			,"name": "MirrorWheel and hub-2"		}
,
		{
			"matrix": [
				-1,					-5.71186e-17,					-1.10589e-16,					0,
				1.21647e-16,					-0.500716,					-0.865612,					0,
				-1.10589e-17,					-0.865612,					0.500716,					0,
				-0.0328331,					0.00974919,					-0.0119936,					1
			]
			,"mesh": 2
			,"name": "MirrorWheel rim-1"		}
,
		{
			"matrix": [
				1.51788e-18,					0.902807,					-0.430047,					0,
				6.50521e-19,					0.430047,					0.902807,					0,
				1,					-1.65011e-18,					6.54655e-20,					0,
				0.0308272,					0.00974919,					-0.0119936,					1
			]
			,"mesh": 3
			,"name": "Mirrorbearing-1"		}
,
		{
			"matrix": [
				7.89299e-17,					0.405982,					-0.913881,					0,
				-9.82287e-17,					0.913881,					0.405982,					0,
				1,					5.71186e-17,					1.10589e-16,					0,
				0.0308272,					0.00974919,					-0.0119936,					1
			]
			,"mesh": 4
			,"name": "MirrorWheel hub-1"		}
,
		{
			"matrix": [
				1,					0,					0,					0,
				0,					1,					0,					0,
				0,					0,					1,					0,
				-0.0343512,					0.00974919,					-0.0119936,					1
			]
			,"mesh": 5
			,"name": "Mirrortyre-1"		}
,
		{
			"matrix": [
				-4.33681e-19,					-0.0784928,					0.996915,					0,
				3.14419e-18,					0.996915,					0.0784928,					0,
				-1,					-1.61047e-18,					4.33681e-19,					0,
				0.0508272,					0.00974919,					-0.0119936,					1
			]
			,"mesh": 6
			,"name": "MirrorFront knukle left-1"		}
,
		{
			"matrix": [
				-0.989386,					0.13583,					-0.0516354,					0,
				0.0402556,					0.59763,					0.800761,					0,
				0.139626,					0.790183,					-0.596754,					0,
				0.507173,					1.50311,					2.60851,					1
			]
			,"mesh": 7
			,"name": "7inch Display-B 800X480px rev3.5-5"		}
,
		{
			"children": [
				12, 13
			]
			,"matrix": [
				0.030494,					-0.988815,					0.146,					0,
				0.146091,					0.148908,					0.978,					0,
				-0.988801,					-0.00849393,					0.148997,					0,
				1.44559,					0.734874,					2.63843,					1
			]
			,"name": "MirrorHeim-4"		}
,
		{
			"matrix": [
				1,					0,					0,					0,
				0,					1,					0,					0,
				0,					0,					1,					0,
				0.0643665,					0.0090026,					-0.0267441,					1
			]
			,"mesh": 8
			,"name": "MirrorBall Joint Casing-1"		}
,
		{
			"matrix": [
				-0.0679343,					-0.986671,					-0.147871,					0,
				0.740019,					-0.149239,					0.65582,					0,
				-0.669147,					-0.0648746,					0.740293,					0,
				0.0563188,					0.0106256,					-0.0529261,					1
			]
			,"mesh": 9
			,"name": "MirrorBall Joint ball-1"		}
,
		{
			"children": [
				15, 16
			]
			,"matrix": [
				-0.0324629,					0.986715,					-0.159186,					0,
				0.145666,					0.16224,					0.97594,					0,
				0.988801,					0.00849393,					-0.148997,					0,
				1.4479,					0.595059,					2.56874,					1
			]
			,"name": "Heim-4"		}
,
		{
			"matrix": [
				-0.0679343,					-0.986671,					0.147871,					0,
				0.740019,					-0.149239,					-0.65582,					0,
				0.669147,					0.0648746,					0.740293,					0,
				0.0563188,					0.0106256,					0.0529261,					1
			]
			,"mesh": 10
			,"name": "Ball Joint ball-2"		}
,
		{
			"matrix": [
				1,					0,					0,					0,
				0,					1,					0,					0,
				0,					0,					1,					0,
				0.0643665,					0.0090026,					0.0267441,					1
			]
			,"mesh": 11
			,"name": "Ball Joint Casing-3"		}
,
		{
			"children": [
				18, 19, 20
			]
			,"matrix": [
				-7.99402e-13,					0.0784928,					0.996915,					0,
				-0.724377,					-0.687277,					0.0541132,					0,
				0.689404,					-0.722142,					0.0568584,					0,
				1.5453,					0.78752,					2.56964,					1
			]
			,"name": "Mirrorsuspension-2"		}
,
		{
			"matrix": [
				1,					0,					0,					0,
				0,					1,					0,					0,
				0,					0,					1,					0,
				0.0363246,					0.0503459,					-0.0796083,					1
			]
			,"mesh": 12
			,"name": "Mirrortop rod for suspension strut-1"		}
,
		{
			"matrix": [
				0.426281,					-0.904591,					-7.97973e-17,					0,
				0.904591,					0.426281,					-6.93889e-18,					0,
				4.02929e-17,					-6.9226e-17,					1,					0,
				0.0363246,					0.0503459,					-0.309608,					1
			]
			,"mesh": 13
			,"name": "Mirrorbase rod for suspension strut-1"		}
,
		{
			"matrix": [
				0.0958735,					-0.995394,					-6.76542e-17,					0,
				0.995394,					0.0958735,					1.38778e-17,					0,
				-7.32762e-18,					-6.86731e-17,					1,					0,
				0.0363246,					0.0503459,					-0.0976083,					1
			]
			,"mesh": 14
			,"name": "Mirrorsuspension spring-1"		}
,
		{
			"matrix": [
				0.0201476,					-0.714722,					0.699119,					0,
				-0.0168198,					0.698919,					0.715003,					0,
				-0.999656,					-0.0261647,					0.00206009,					0,
				1.55153,					0.716035,					2.59919,					1
			]
			,"mesh": 15
			,"name": "Mirrordisc-2"		}
,
		{
			"matrix": [
				1,					0,					0,					0,
				0,					1,					0,					0,
				0,					0,					1,					0,
				0.784838,					0.861436,					2.68267,					1
			]
			,"mesh": 16
			,"name": "weldments sketch-1"		}
,
		{
			"children": [
				24, 25, 26, 27, 28
			]
			,"matrix": [
				0.999656,					-0.0261647,					0.00206009,					0,
				0.0261647,					0.999658,					2.69555e-05,					0,
				-0.00206009,					2.69555e-05,					0.999998,					0,
				0.0096958,					0.706505,					2.58718,					1
			]
			,"name": "Wheel and hub-1"		}
,
		{
			"matrix": [
				1,					0,					0,					0,
				0,					1,					0,					0,
				0,					0,					1,					0,
				-0.0343512,					0.00974919,					0.0119936,					1
			]
			,"mesh": 17
			,"name": "tyre-1"		}
,
		{
			"matrix": [
				6.48353e-17,					0.405982,					0.913881,					0,
				-1.19371e-16,					0.913881,					-0.405982,					0,
				-1,					-8.27687e-17,					1.07714e-16,					0,
				0.0308272,					0.00974919,					0.0119936,					1
			]
			,"mesh": 18
			,"name": "Wheel hub-1"		}
,
		{
			"matrix": [
				-1,					-2.93944e-17,					1.14925e-16,					0,
				1.22949e-16,					-0.500716,					0.865612,					0,
				1.01915e-17,					0.865612,					0.500716,					0,
				-0.0328331,					0.00974919,					0.0119936,					1
			]
			,"mesh": 19
			,"name": "Wheel rim-1"		}
,
		{
			"matrix": [
				-2.26598e-17,					0.902807,					0.430047,					0,
				-8.0231e-18,					0.430047,					-0.902807,					0,
				-1,					-2.39077e-17,					-2.50148e-18,					0,
				0.0308272,					0.00974919,					0.0119936,					1
			]
			,"mesh": 20
			,"name": "bearing-1"		}
,
		{
			"matrix": [
				6.07153e-18,					-0.0784928,					-0.996915,					0,
				-2.39338e-17,					0.996915,					-0.0784928,					0,
				1,					1.64187e-18,					-4.33681e-19,					0,
				0.0508272,					0.00974919,					0.0119936,					1
			]
			,"mesh": 21
			,"name": "Front knukle left-1"		}
,
		{
			"name": "Part4^surface modeling assembly-1"		}
,
		{
			"name": "Part6^surface modeling assembly-1"		}
,
		{
			"matrix": [
				1,					0,					0,					0,
				0,					0.999367,					0.035583,					0,
				0,					-0.035583,					0.999367,					0,
				0.784838,					1.22711,					2.33373,					1
			]
			,"mesh": 22
			,"name": "Chair-1"		}
,
		{
			"children": [
				33, 40
			]
			,"matrix": [
				1,					1.98176e-16,					-1.34687e-16,					0,
				5.82911e-17,					-0.746419,					-0.665477,					0,
				-2.32414e-16,					0.665477,					-0.746419,					0,
				0.725924,					0.826884,					2.9164,					1
			]
			,"name": "Trik Drivetrain-1"		}
,
		{
			"children": [
				34
			]
			,"matrix": [
				1,					2.46519e-32,					0,					0,
				2.46519e-32,					0.97198,					-0.235063,					0,
				0,					0.235063,					0.97198,					0,
				0.0589137,					0.138208,					0.238593,					1
			]
			,"name": "Gear Box with Differential-1"		}
,
		{
			"children": [
				35, 36, 37, 38, 39
			]
			,"name": "Gear Box with Differential.stp-1"		}
,
		{
			"matrix": [
				-1,					-2.46519e-32,					0,					0,
				-2.46519e-32,					-1,					0,					0,
				0,					0,					1,					0,
				0.022,					0.053033,					0.143033,					1
			]
			,"mesh": 23
			,"name": "Part10.stp-1"		}
,
		{
			"matrix": [
				1,					0,					0,					0,
				0,					1,					0,					0,
				0,					0,					1,					0,
				-0.0095,					0,					0,					1
			]
			,"mesh": 24
			,"name": "Part3.stp-1"		}
,
		{
			"matrix": [
				1,					0,					0,					0,
				0,					1,					0,					0,
				0,					0,					1,					0,
				-0.0851,					0,					0,					1
			]
			,"mesh": 25
			,"name": "Part9.stp-1"		}
,
		{
			"matrix": [
				0,					0,					-1,					0,
				2.46519e-32,					1,					0,					0,
				1,					2.46519e-32,					0,					0,
				-0.022,					0,					0,					1
			]
			,"mesh": 26
			,"name": "RHC135.stp-1"		}
,
		{
			"mesh": 27
			,"name": "LHC135.stp-1"		}
,
		{
			"matrix": [
				9.93168e-16,					0.51742,					0.855731,					0,
				1.25796e-15,					-0.855731,					0.51742,					0,
				1,					5.62589e-16,					-1.50078e-15,					0,
				0.116544,					0.223377,					0.365152,					1
			]
			,"mesh": 28
			,"name": "motor model-1"		}
,
		{
			"children": [
				42, 43
			]
			,"matrix": [
				-0.0324629,					-0.986715,					0.159186,					0,
				-0.145666,					0.16224,					0.97594,					0,
				-0.988801,					0.00849393,					-0.148997,					0,
				0.125953,					0.722082,					2.54824,					1
			]
			,"name": "Heim-3"		}
,
		{
			"matrix": [
				-0.0679343,					-0.986671,					0.147871,					0,
				0.740019,					-0.149239,					-0.65582,					0,
				0.669147,					0.0648746,					0.740293,					0,
				0.0563188,					0.0106256,					0.0529261,					1
			]
			,"mesh": 29
			,"name": "Ball Joint ball-2"		}
,
		{
			"matrix": [
				1,					0,					0,					0,
				0,					1,					0,					0,
				0,					0,					1,					0,
				0.0643665,					0.0090026,					0.0267441,					1
			]
			,"mesh": 30
			,"name": "Ball Joint Casing-3"		}
,
		{
			"matrix": [
				1,					0,					0,					0,
				0,					1,					0,					0,
				0,					0,					1,					0,
				0.976502,					1.41245,					2.88209,					1
			]
			,"mesh": 31
			,"name": "head_lamp_1-1"		}
,
		{
			"matrix": [
				1,					1.58851e-30,					8.87469e-31,					0,
				2.98024e-18,					0.997868,					0.06526,					0,
				-1.67084e-16,					-0.06526,					0.997868,					0,
				0.784838,					0.862422,					2.23751,					1
			]
			,"mesh": 32
			,"name": "Battery-2"		}
,
		{
			"children": [
				47, 48
			]
			,"matrix": [
				-0.030494,					-0.988815,					0.146,					0,
				-0.146091,					0.148908,					0.978,					0,
				-0.988801,					0.00849393,					-0.148997,					0,
				0.124082,					0.734874,					2.63843,					1
			]
			,"name": "Heim-1"		}
,
		{
			"matrix": [
				-0.0679343,					-0.986671,					0.147871,					0,
				0.740019,					-0.149239,					-0.65582,					0,
				0.669147,					0.0648746,					0.740293,					0,
				0.0563188,					0.0106256,					0.0529261,					1
			]
			,"mesh": 33
			,"name": "Ball Joint ball-2"		}
,
		{
			"matrix": [
				1,					0,					0,					0,
				0,					1,					0,					0,
				0,					0,					1,					0,
				0.0643665,					0.0090026,					0.0267441,					1
			]
			,"mesh": 34
			,"name": "Ball Joint Casing-3"		}
,
		{
			"matrix": [
				-1,					2.77556e-16,					-4.44089e-16,					0,
				8.76655e-17,					-0.747311,					-0.664474,					0,
				-5.16301e-16,					-0.664474,					0.747311,					0,
				0.784838,					1.2697,					1.03936,					1
			]
			,"mesh": 35
			,"name": "Handle-2"		}
,
		{
			"matrix": [
				-1,					5.82867e-16,					-3.33067e-16,					0,
				-6.10623e-16,					-0.494191,					0.869353,					0,
				3.33067e-16,					0.869353,					0.494191,					0,
				0.784838,					1.20748,					2.6407,					1
			]
			,"mesh": 36
			,"name": "Handle-1"		}
,
		{
			"children": [
				52, 53, 54, 55, 56, 57, 58
			]
			,"matrix": [
				-0.254958,					-0.545251,					0.79856,					0,
				1.79772e-17,					0.825852,					0.563887,					0,
				-0.966952,					0.143767,					-0.210558,					0,
				1.23996,					1.28888,					1.33125,					1
			]
			,"name": "Assem1-1"		}
,
		{
			"matrix": [
				0.254958,					1.28389e-15,					0.966952,					0,
				-4.44089e-16,					1,					-1.20737e-15,					0,
				-0.966952,					-5.55112e-17,					0.254958,					0,
				0.0984542,					0.00555197,					0.453054,					1
			]
			,"mesh": 37
			,"name": "Handle rear-1"		}
,
		{
			"matrix": [
				0.254958,					4.2023e-18,					0.966952,					0,
				-5.98168e-17,					1,					1.14261e-17,					0,
				-0.966952,					-6.07531e-17,					0.254958,					0,
				0.0940729,					-0.548808,					0.578429,					1
			]
			,"mesh": 38
			,"name": "bottom pipe-2"		}
,
		{
			"matrix": [
				-0.254958,					8.12176e-18,					-0.966952,					0,
				-2.22045e-16,					1,					6.93889e-17,					0,
				0.966952,					1.11022e-16,					-0.254958,					0,
				0.0328243,					-0.548808,					0.346138,					1
			]
			,"mesh": 39
			,"name": "bottom pipe-1"		}
,
		{
			"matrix": [
				0.966952,					-5.55112e-17,					-0.254958,					0,
				-5.55112e-17,					1,					2.77556e-17,					0,
				0.254958,					-8.12176e-18,					0.966952,					0,
				0.0978681,					-0.533263,					0.592823,					1
			]
			,"mesh": 40
			,"name": "Stud with bearing-1"		}
,
		{
			"matrix": [
				-0.58899,					5.55112e-17,					0.808141,					0,
				1.15189e-16,					1,					1.5262e-17,					0,
				-0.808141,					1.02078e-16,					-0.58899,					0,
				0.0940729,					-0.298448,					0.578429,					1
			]
			,"mesh": 41
			,"name": "Top pipe-2"		}
,
		{
			"matrix": [
				0.183631,					-7.63278e-17,					0.982995,					0,
				-1.66533e-16,					1,					1.249e-16,					0,
				-0.982995,					-1.66533e-16,					0.183631,					0,
				0.0328243,					-0.298448,					0.346138,					1
			]
			,"mesh": 42
			,"name": "Top pipe-1"		}
,
		{
			"children": [
				59, 60
			]
			,"matrix": [
				0.254958,					1.01721e-15,					0.966952,					0,
				0.110646,					0.993432,					-0.0291742,					0,
				-0.960601,					0.114427,					0.253283,					0,
				0.18674,					-0.671212,					0.323306,					1
			]
			,"name": "Rear tyre assembly-1"		}
,
		{
			"matrix": [
				1,					0,					0,					0,
				0,					1,					0,					0,
				0,					0,					1,					0,
				0.10361,					0.119347,					0.169419,					1
			]
			,"mesh": 43
			,"name": "Wheel rim rear-1"		}
,
		{
			"matrix": [
				1,					0,					0,					0,
				0,					1,					0,					0,
				0,					0,					1,					0,
				0.10361,					0.119347,					0.169419,					1
			]
			,"mesh": 44
			,"name": "tyre-1"		}
,
		{
			"name": "Part2^surface modeling assembly-1"		}
,
		{
			"matrix": [
				0.988801,					-0.00849393,					0.148997,					0,
				0.00940309,					0.999941,					-0.00539846,					0,
				-0.148943,					0.00673904,					0.988823,					0,
				0.00464306,					0.635145,					2.46537,					1
			]
			,"mesh": 45
			,"name": "arm-1"		}
,
		{
			"matrix": [
				0.999656,					-0.0261647,					0.00206009,					0,
				0.0262456,					0.996571,					-0.0784658,					0,
				7.99331e-13,					0.0784928,					0.996915,					0,
				0.0607358,					0.717323,					2.62979,					1
			]
			,"name": "Part3^surface modeling assembly-1"		}
,
		{
			"name": "Part5^surface modeling assembly-1"		}
,
		{
			"children": [
				66, 67, 68
			]
			,"matrix": [
				7.99388e-13,					0.0784928,					0.996915,					0,
				0.724377,					-0.687277,					0.0541132,					0,
				0.689404,					0.722142,					-0.0568584,					0,
				0.024374,					0.78752,					2.56964,					1
			]
			,"name": "suspension-1"		}
,
		{
			"matrix": [
				1,					0,					0,					0,
				0,					1,					0,					0,
				0,					0,					1,					0,
				0.0363246,					0.0503459,					0.0796083,					1
			]
			,"mesh": 46
			,"name": "top rod for suspension strut-1"		}
,
		{
			"matrix": [
				0.0958735,					-0.995394,					-4.2067e-17,					0,
				0.995394,					0.0958735,					-5.83798e-34,					0,
				4.03311e-18,					-4.18733e-17,					1,					0,
				0.0363246,					0.0503459,					0.0976083,					1
			]
			,"mesh": 47
			,"name": "suspension spring-1"		}
,
		{
			"matrix": [
				0.426281,					-0.904591,					3.81639e-17,					0,
				0.904591,					0.426281,					3.46945e-17,					0,
				-4.76529e-17,					1.97331e-17,					1,					0,
				0.0363246,					0.0503459,					0.319608,					1
			]
			,"mesh": 48
			,"name": "base rod for suspension strut-1"		}
,
		{
			"matrix": [
				-0.999382,					0.0177068,					0.030355,					0,
				0.0347401,					0.367543,					0.929357,					0,
				0.00529914,					0.929838,					-0.367932,					0,
				0.792136,					1.4901,					2.61412,					1
			]
			,"mesh": 49
			,"name": "Dashboard-5"		}
,
		{
			"matrix": [
				0.989386,					0.13583,					-0.0516354,					0,
				0.0402556,					-0.59763,					-0.800761,					0,
				-0.139626,					0.790183,					-0.596754,					0,
				1.0625,					1.50311,					2.60851,					1
			]
			,"mesh": 50
			,"name": "7inch Display-B 800X480px rev3.5-2"		}
,
		{
			"matrix": [
				1,					5.85021e-33,					0,					0,
				-1.02798e-29,					0.997868,					0.06526,					0,
				4.14152e-30,					-0.06526,					0.997868,					0,
				0.784838,					0.883258,					1.91892,					1
			]
			,"mesh": 51
			,"name": "Battery-1"		}
,
		{
			"matrix": [
				0.998607,					-0.0106471,					-0.0516791,					0,
				0.0126397,					0.999183,					0.0383861,					0,
				0.0512282,					-0.0389858,					0.997926,					0,
				0.810776,					0.894236,					1.5759,					1
			]
			,"mesh": 52
			,"name": "E67 ECU-1"		}
,
		{
			"matrix": [
				-0.0201476,					-0.714722,					0.699119,					0,
				0.0168198,					0.698919,					0.715003,					0,
				-0.999656,					0.0261647,					-0.00206009,					0,
				0.0181505,					0.716035,					2.59919,					1
			]
			,"mesh": 53
			,"name": "disc-1"		}
	],
	"cameras": [
		{
			"type": "orthographic",
			"orthographic" : {
				"xmag": 1,
				"ymag" : 1,
				"zfar" : 100,
				"znear" : 0.01
			}
		}
	],
	"meshes" : [
		{
			"primitives" : [
				{
					"attributes" : {
					"POSITION" : 1,
					"NORMAL" : 2,
					"TEXCOORD_0" : 3
					},
					"indices" : 0,
					"mode": 4,
					"material" : 0
					,"extensions": {
					"KHR_draco_mesh_compression": {
					"bufferView": 0,
					"attributes" : {
					"POSITION": 0,
					"NORMAL" : 1,
					"TEXCOORD_0" : 2
					}
					}
					}
				},
				{
					"attributes" : {
					"POSITION" : 5,
					"NORMAL" : 6,
					"TEXCOORD_0" : 7
					},
					"indices" : 4,
					"mode": 4,
					"material" : 1
					,"extensions": {
					"KHR_draco_mesh_compression": {
					"bufferView": 1,
					"attributes" : {
					"POSITION": 0,
					"NORMAL" : 1,
					"TEXCOORD_0" : 2
					}
					}
					}
				},
				{
					"attributes" : {
					"POSITION" : 9,
					"NORMAL" : 10,
					"TEXCOORD_0" : 11
					},
					"indices" : 8,
					"mode": 4,
					"material" : 2
					,"extensions": {
					"KHR_draco_mesh_compression": {
					"bufferView": 2,
					"attributes" : {
					"POSITION": 0,
					"NORMAL" : 1,
					"TEXCOORD_0" : 2
					}
					}
					}
				}
			]
		},
		{
			"primitives" : [
				{
					"attributes" : {
					"POSITION" : 13,
					"NORMAL" : 14,
					"TEXCOORD_0" : 15
					},
					"indices" : 12,
					"mode": 4,
					"material" : 0
					,"extensions": {
					"KHR_draco_mesh_compression": {
					"bufferView": 3,
					"attributes" : {
					"POSITION": 0,
					"NORMAL" : 1,
					"TEXCOORD_0" : 2
					}
					}
					}
				},
				{
					"attributes" : {
					"POSITION" : 17,
					"NORMAL" : 18,
					"TEXCOORD_0" : 19
					},
					"indices" : 16,
					"mode": 4,
					"material" : 3
					,"extensions": {
					"KHR_draco_mesh_compression": {
					"bufferView": 4,
					"attributes" : {
					"POSITION": 0,
					"NORMAL" : 1,
					"TEXCOORD_0" : 2
					}
					}
					}
				},
				{
					"attributes" : {
					"POSITION" : 21,
					"NORMAL" : 22,
					"TEXCOORD_0" : 23
					},
					"indices" : 20,
					"mode": 4,
					"material" : 4
					,"extensions": {
					"KHR_draco_mesh_compression": {
					"bufferView": 5,
					"attributes" : {
					"POSITION": 0,
					"NORMAL" : 1,
					"TEXCOORD_0" : 2
					}
					}
					}
				}
			]
		},
		{
			"primitives" : [
				{
					"attributes" : {
					"POSITION" : 25,
					"NORMAL" : 26,
					"TEXCOORD_0" : 27
					},
					"indices" : 24,
					"mode": 4,
					"material" : 5
					,"extensions": {
					"KHR_draco_mesh_compression": {
					"bufferView": 6,
					"attributes" : {
					"POSITION": 0,
					"NORMAL" : 1,
					"TEXCOORD_0" : 2
					}
					}
					}
				}
			]
		},
		{
			"primitives" : [
				{
					"attributes" : {
					"POSITION" : 29,
					"NORMAL" : 30,
					"TEXCOORD_0" : 31
					},
					"indices" : 28,
					"mode": 4,
					"material" : 0
					,"extensions": {
					"KHR_draco_mesh_compression": {
					"bufferView": 7,
					"attributes" : {
					"POSITION": 0,
					"NORMAL" : 1,
					"TEXCOORD_0" : 2
					}
					}
					}
				}
			]
		},
		{
			"primitives" : [
				{
					"attributes" : {
					"POSITION" : 33,
					"NORMAL" : 34,
					"TEXCOORD_0" : 35
					},
					"indices" : 32,
					"mode": 4,
					"material" : 0
					,"extensions": {
					"KHR_draco_mesh_compression": {
					"bufferView": 8,
					"attributes" : {
					"POSITION": 0,
					"NORMAL" : 1,
					"TEXCOORD_0" : 2
					}
					}
					}
				}
			]
		},
		{
			"primitives" : [
				{
					"attributes" : {
					"POSITION" : 37,
					"NORMAL" : 38,
					"TEXCOORD_0" : 39
					},
					"indices" : 36,
					"mode": 4,
					"material" : 6
					,"extensions": {
					"KHR_draco_mesh_compression": {
					"bufferView": 9,
					"attributes" : {
					"POSITION": 0,
					"NORMAL" : 1,
					"TEXCOORD_0" : 2
					}
					}
					}
				},
				{
					"attributes" : {
					"POSITION" : 41,
					"NORMAL" : 42,
					"TEXCOORD_0" : 43
					},
					"indices" : 40,
					"mode": 4,
					"material" : 6
					,"extensions": {
					"KHR_draco_mesh_compression": {
					"bufferView": 10,
					"attributes" : {
					"POSITION": 0,
					"NORMAL" : 1,
					"TEXCOORD_0" : 2
					}
					}
					}
				}
			]
		},
		{
			"primitives" : [
				{
					"attributes" : {
					"POSITION" : 45,
					"NORMAL" : 46,
					"TEXCOORD_0" : 47
					},
					"indices" : 44,
					"mode": 4,
					"material" : 7
					,"extensions": {
					"KHR_draco_mesh_compression": {
					"bufferView": 11,
					"attributes" : {
					"POSITION": 0,
					"NORMAL" : 1,
					"TEXCOORD_0" : 2
					}
					}
					}
				}
			]
		},
		{
			"primitives" : [
				{
					"attributes" : {
					"POSITION" : 49,
					"NORMAL" : 50,
					"TEXCOORD_0" : 51
					},
					"indices" : 48,
					"mode": 4,
					"material" : 0
					,"extensions": {
					"KHR_draco_mesh_compression": {
					"bufferView": 12,
					"attributes" : {
					"POSITION": 0,
					"NORMAL" : 1,
					"TEXCOORD_0" : 2
					}
					}
					}
				},
				{
					"attributes" : {
					"POSITION" : 53,
					"NORMAL" : 54,
					"TEXCOORD_0" : 55
					},
					"indices" : 52,
					"mode": 4,
					"material" : 8
					,"extensions": {
					"KHR_draco_mesh_compression": {
					"bufferView": 13,
					"attributes" : {
					"POSITION": 0,
					"NORMAL" : 1,
					"TEXCOORD_0" : 2
					}
					}
					}
				},
				{
					"attributes" : {
					"POSITION" : 57,
					"NORMAL" : 58,
					"TEXCOORD_0" : 59
					},
					"indices" : 56,
					"mode": 4,
					"material" : 9
					,"extensions": {
					"KHR_draco_mesh_compression": {
					"bufferView": 14,
					"attributes" : {
					"POSITION": 0,
					"NORMAL" : 1,
					"TEXCOORD_0" : 2
					}
					}
					}
				},
				{
					"attributes" : {
					"POSITION" : 61,
					"NORMAL" : 62,
					"TEXCOORD_0" : 63
					},
					"indices" : 60,
					"mode": 4,
					"material" : 10
					,"extensions": {
					"KHR_draco_mesh_compression": {
					"bufferView": 15,
					"attributes" : {
					"POSITION": 0,
					"NORMAL" : 1,
					"TEXCOORD_0" : 2
					}
					}
					}
				},
				{
					"attributes" : {
					"POSITION" : 65,
					"NORMAL" : 66,
					"TEXCOORD_0" : 67
					},
					"indices" : 64,
					"mode": 4,
					"material" : 11
					,"extensions": {
					"KHR_draco_mesh_compression": {
					"bufferView": 16,
					"attributes" : {
					"POSITION": 0,
					"NORMAL" : 1,
					"TEXCOORD_0" : 2
					}
					}
					}
				},
				{
					"attributes" : {
					"POSITION" : 69,
					"NORMAL" : 70,
					"TEXCOORD_0" : 71
					},
					"indices" : 68,
					"mode": 4,
					"material" : 12
					,"extensions": {
					"KHR_draco_mesh_compression": {
					"bufferView": 17,
					"attributes" : {
					"POSITION": 0,
					"NORMAL" : 1,
					"TEXCOORD_0" : 2
					}
					}
					}
				}
			]
		},
		{
			"primitives" : [
				{
					"attributes" : {
					"POSITION" : 73,
					"NORMAL" : 74,
					"TEXCOORD_0" : 75
					},
					"indices" : 72,
					"mode": 4,
					"material" : 0
					,"extensions": {
					"KHR_draco_mesh_compression": {
					"bufferView": 18,
					"attributes" : {
					"POSITION": 0,
					"NORMAL" : 1,
					"TEXCOORD_0" : 2
					}
					}
					}
				}
			]
		},
		{
			"primitives" : [
				{
					"attributes" : {
					"POSITION" : 77,
					"NORMAL" : 78,
					"TEXCOORD_0" : 79
					},
					"indices" : 76,
					"mode": 4,
					"material" : 0
					,"extensions": {
					"KHR_draco_mesh_compression": {
					"bufferView": 19,
					"attributes" : {
					"POSITION": 0,
					"NORMAL" : 1,
					"TEXCOORD_0" : 2
					}
					}
					}
				}
			]
		},
		{
			"primitives" : [
				{
					"attributes" : {
					"POSITION" : 81,
					"NORMAL" : 82,
					"TEXCOORD_0" : 83
					},
					"indices" : 80,
					"mode": 4,
					"material" : 13
					,"extensions": {
					"KHR_draco_mesh_compression": {
					"bufferView": 20,
					"attributes" : {
					"POSITION": 0,
					"NORMAL" : 1,
					"TEXCOORD_0" : 2
					}
					}
					}
				}
			]
		},
		{
			"primitives" : [
				{
					"attributes" : {
					"POSITION" : 85,
					"NORMAL" : 86,
					"TEXCOORD_0" : 87
					},
					"indices" : 84,
					"mode": 4,
					"material" : 14
					,"extensions": {
					"KHR_draco_mesh_compression": {
					"bufferView": 21,
					"attributes" : {
					"POSITION": 0,
					"NORMAL" : 1,
					"TEXCOORD_0" : 2
					}
					}
					}
				}
			]
		},
		{
			"primitives" : [
				{
					"attributes" : {
					"POSITION" : 89,
					"NORMAL" : 90,
					"TEXCOORD_0" : 91
					},
					"indices" : 88,
					"mode": 4,
					"material" : 15
					,"extensions": {
					"KHR_draco_mesh_compression": {
					"bufferView": 22,
					"attributes" : {
					"POSITION": 0,
					"NORMAL" : 1,
					"TEXCOORD_0" : 2
					}
					}
					}
				}
			]
		},
		{
			"primitives" : [
				{
					"attributes" : {
					"POSITION" : 93,
					"NORMAL" : 94,
					"TEXCOORD_0" : 95
					},
					"indices" : 92,
					"mode": 4,
					"material" : 16
					,"extensions": {
					"KHR_draco_mesh_compression": {
					"bufferView": 23,
					"attributes" : {
					"POSITION": 0,
					"NORMAL" : 1,
					"TEXCOORD_0" : 2
					}
					}
					}
				}
			]
		},
		{
			"primitives" : [
				{
					"attributes" : {
					"POSITION" : 97,
					"NORMAL" : 98,
					"TEXCOORD_0" : 99
					},
					"indices" : 96,
					"mode": 4,
					"material" : 17
					,"extensions": {
					"KHR_draco_mesh_compression": {
					"bufferView": 24,
					"attributes" : {
					"POSITION": 0,
					"NORMAL" : 1,
					"TEXCOORD_0" : 2
					}
					}
					}
				},
				{
					"attributes" : {
					"POSITION" : 101,
					"NORMAL" : 102,
					"TEXCOORD_0" : 103
					},
					"indices" : 100,
					"mode": 4,
					"material" : 17
					,"extensions": {
					"KHR_draco_mesh_compression": {
					"bufferView": 25,
					"attributes" : {
					"POSITION": 0,
					"NORMAL" : 1,
					"TEXCOORD_0" : 2
					}
					}
					}
				}
			]
		},
		{
			"primitives" : [
				{
					"attributes" : {
					"POSITION" : 105,
					"NORMAL" : 106,
					"TEXCOORD_0" : 107
					},
					"indices" : 104,
					"mode": 4,
					"material" : 18
					,"extensions": {
					"KHR_draco_mesh_compression": {
					"bufferView": 26,
					"attributes" : {
					"POSITION": 0,
					"NORMAL" : 1,
					"TEXCOORD_0" : 2
					}
					}
					}
				},
				{
					"attributes" : {
					"POSITION" : 109,
					"NORMAL" : 110,
					"TEXCOORD_0" : 111
					},
					"indices" : 108,
					"mode": 4,
					"material" : 19
					,"extensions": {
					"KHR_draco_mesh_compression": {
					"bufferView": 27,
					"attributes" : {
					"POSITION": 0,
					"NORMAL" : 1,
					"TEXCOORD_0" : 2
					}
					}
					}
				}
			]
		},
		{
			"primitives" : [
				{
					"attributes" : {
					"POSITION" : 113,
					"NORMAL" : 114,
					"TEXCOORD_0" : 115
					},
					"indices" : 112,
					"mode": 4,
					"material" : 0
					,"extensions": {
					"KHR_draco_mesh_compression": {
					"bufferView": 28,
					"attributes" : {
					"POSITION": 0,
					"NORMAL" : 1,
					"TEXCOORD_0" : 2
					}
					}
					}
				},
				{
					"attributes" : {
					"POSITION" : 117,
					"NORMAL" : 118,
					"TEXCOORD_0" : 119
					},
					"indices" : 116,
					"mode": 4,
					"material" : 0
					,"extensions": {
					"KHR_draco_mesh_compression": {
					"bufferView": 29,
					"attributes" : {
					"POSITION": 0,
					"NORMAL" : 1,
					"TEXCOORD_0" : 2
					}
					}
					}
				},
				{
					"attributes" : {
					"POSITION" : 121,
					"NORMAL" : 122,
					"TEXCOORD_0" : 123
					},
					"indices" : 120,
					"mode": 4,
					"material" : 0
					,"extensions": {
					"KHR_draco_mesh_compression": {
					"bufferView": 30,
					"attributes" : {
					"POSITION": 0,
					"NORMAL" : 1,
					"TEXCOORD_0" : 2
					}
					}
					}
				},
				{
					"attributes" : {
					"POSITION" : 125,
					"NORMAL" : 126,
					"TEXCOORD_0" : 127
					},
					"indices" : 124,
					"mode": 4,
					"material" : 0
					,"extensions": {
					"KHR_draco_mesh_compression": {
					"bufferView": 31,
					"attributes" : {
					"POSITION": 0,
					"NORMAL" : 1,
					"TEXCOORD_0" : 2
					}
					}
					}
				},
				{
					"attributes" : {
					"POSITION" : 129,
					"NORMAL" : 130,
					"TEXCOORD_0" : 131
					},
					"indices" : 128,
					"mode": 4,
					"material" : 0
					,"extensions": {
					"KHR_draco_mesh_compression": {
					"bufferView": 32,
					"attributes" : {
					"POSITION": 0,
					"NORMAL" : 1,
					"TEXCOORD_0" : 2
					}
					}
					}
				},
				{
					"attributes" : {
					"POSITION" : 133,
					"NORMAL" : 134,
					"TEXCOORD_0" : 135
					},
					"indices" : 132,
					"mode": 4,
					"material" : 0
					,"extensions": {
					"KHR_draco_mesh_compression": {
					"bufferView": 33,
					"attributes" : {
					"POSITION": 0,
					"NORMAL" : 1,
					"TEXCOORD_0" : 2
					}
					}
					}
				}
			]
		},
		{
			"primitives" : [
				{
					"attributes" : {
					"POSITION" : 137,
					"NORMAL" : 138,
					"TEXCOORD_0" : 139
					},
					"indices" : 136,
					"mode": 4,
					"material" : 20
					,"extensions": {
					"KHR_draco_mesh_compression": {
					"bufferView": 34,
					"attributes" : {
					"POSITION": 0,
					"NORMAL" : 1,
					"TEXCOORD_0" : 2
					}
					}
					}
				},
				{
					"attributes" : {
					"POSITION" : 141,
					"NORMAL" : 142,
					"TEXCOORD_0" : 143
					},
					"indices" : 140,
					"mode": 4,
					"material" : 20
					,"extensions": {
					"KHR_draco_mesh_compression": {
					"bufferView": 35,
					"attributes" : {
					"POSITION": 0,
					"NORMAL" : 1,
					"TEXCOORD_0" : 2
					}
					}
					}
				}
			]
		},
		{
			"primitives" : [
				{
					"attributes" : {
					"POSITION" : 145,
					"NORMAL" : 146,
					"TEXCOORD_0" : 147
					},
					"indices" : 144,
					"mode": 4,
					"material" : 0
					,"extensions": {
					"KHR_draco_mesh_compression": {
					"bufferView": 36,
					"attributes" : {
					"POSITION": 0,
					"NORMAL" : 1,
					"TEXCOORD_0" : 2
					}
					}
					}
				},
				{
					"attributes" : {
					"POSITION" : 149,
					"NORMAL" : 150,
					"TEXCOORD_0" : 151
					},
					"indices" : 148,
					"mode": 4,
					"material" : 21
					,"extensions": {
					"KHR_draco_mesh_compression": {
					"bufferView": 37,
					"attributes" : {
					"POSITION": 0,
					"NORMAL" : 1,
					"TEXCOORD_0" : 2
					}
					}
					}
				},
				{
					"attributes" : {
					"POSITION" : 153,
					"NORMAL" : 154,
					"TEXCOORD_0" : 155
					},
					"indices" : 152,
					"mode": 4,
					"material" : 22
					,"extensions": {
					"KHR_draco_mesh_compression": {
					"bufferView": 38,
					"attributes" : {
					"POSITION": 0,
					"NORMAL" : 1,
					"TEXCOORD_0" : 2
					}
					}
					}
				}
			]
		},
		{
			"primitives" : [
				{
					"attributes" : {
					"POSITION" : 157,
					"NORMAL" : 158,
					"TEXCOORD_0" : 159
					},
					"indices" : 156,
					"mode": 4,
					"material" : 23
					,"extensions": {
					"KHR_draco_mesh_compression": {
					"bufferView": 39,
					"attributes" : {
					"POSITION": 0,
					"NORMAL" : 1,
					"TEXCOORD_0" : 2
					}
					}
					}
				}
			]
		},
		{
			"primitives" : [
				{
					"attributes" : {
					"POSITION" : 161,
					"NORMAL" : 162,
					"TEXCOORD_0" : 163
					},
					"indices" : 160,
					"mode": 4,
					"material" : 24
					,"extensions": {
					"KHR_draco_mesh_compression": {
					"bufferView": 40,
					"attributes" : {
					"POSITION": 0,
					"NORMAL" : 1,
					"TEXCOORD_0" : 2
					}
					}
					}
				},
				{
					"attributes" : {
					"POSITION" : 165,
					"NORMAL" : 166,
					"TEXCOORD_0" : 167
					},
					"indices" : 164,
					"mode": 4,
					"material" : 25
					,"extensions": {
					"KHR_draco_mesh_compression": {
					"bufferView": 41,
					"attributes" : {
					"POSITION": 0,
					"NORMAL" : 1,
					"TEXCOORD_0" : 2
					}
					}
					}
				}
			]
		},
		{
			"primitives" : [
				{
					"attributes" : {
					"POSITION" : 169,
					"NORMAL" : 170,
					"TEXCOORD_0" : 171
					},
					"indices" : 168,
					"mode": 4,
					"material" : 26
					,"extensions": {
					"KHR_draco_mesh_compression": {
					"bufferView": 42,
					"attributes" : {
					"POSITION": 0,
					"NORMAL" : 1,
					"TEXCOORD_0" : 2
					}
					}
					}
				}
			]
		},
		{
			"primitives" : [
				{
					"attributes" : {
					"POSITION" : 173,
					"NORMAL" : 174,
					"TEXCOORD_0" : 175
					},
					"indices" : 172,
					"mode": 4,
					"material" : 27
					,"extensions": {
					"KHR_draco_mesh_compression": {
					"bufferView": 43,
					"attributes" : {
					"POSITION": 0,
					"NORMAL" : 1,
					"TEXCOORD_0" : 2
					}
					}
					}
				}
			]
		},
		{
			"primitives" : [
				{
					"attributes" : {
					"POSITION" : 177,
					"NORMAL" : 178,
					"TEXCOORD_0" : 179
					},
					"indices" : 176,
					"mode": 4,
					"material" : 0
					,"extensions": {
					"KHR_draco_mesh_compression": {
					"bufferView": 44,
					"attributes" : {
					"POSITION": 0,
					"NORMAL" : 1,
					"TEXCOORD_0" : 2
					}
					}
					}
				}
			]
		},
		{
			"primitives" : [
				{
					"attributes" : {
					"POSITION" : 181,
					"NORMAL" : 182,
					"TEXCOORD_0" : 183
					},
					"indices" : 180,
					"mode": 4,
					"material" : 0
					,"extensions": {
					"KHR_draco_mesh_compression": {
					"bufferView": 45,
					"attributes" : {
					"POSITION": 0,
					"NORMAL" : 1,
					"TEXCOORD_0" : 2
					}
					}
					}
				}
			]
		},
		{
			"primitives" : [
				{
					"attributes" : {
					"POSITION" : 185,
					"NORMAL" : 186,
					"TEXCOORD_0" : 187
					},
					"indices" : 184,
					"mode": 4,
					"material" : 0
					,"extensions": {
					"KHR_draco_mesh_compression": {
					"bufferView": 46,
					"attributes" : {
					"POSITION": 0,
					"NORMAL" : 1,
					"TEXCOORD_0" : 2
					}
					}
					}
				}
			]
		},
		{
			"primitives" : [
				{
					"attributes" : {
					"POSITION" : 189,
					"NORMAL" : 190,
					"TEXCOORD_0" : 191
					},
					"indices" : 188,
					"mode": 4,
					"material" : 0
					,"extensions": {
					"KHR_draco_mesh_compression": {
					"bufferView": 47,
					"attributes" : {
					"POSITION": 0,
					"NORMAL" : 1,
					"TEXCOORD_0" : 2
					}
					}
					}
				}
			]
		},
		{
			"primitives" : [
				{
					"attributes" : {
					"POSITION" : 193,
					"NORMAL" : 194,
					"TEXCOORD_0" : 195
					},
					"indices" : 192,
					"mode": 4,
					"material" : 0
					,"extensions": {
					"KHR_draco_mesh_compression": {
					"bufferView": 48,
					"attributes" : {
					"POSITION": 0,
					"NORMAL" : 1,
					"TEXCOORD_0" : 2
					}
					}
					}
				}
			]
		},
		{
			"primitives" : [
				{
					"attributes" : {
					"POSITION" : 197,
					"NORMAL" : 198,
					"TEXCOORD_0" : 199
					},
					"indices" : 196,
					"mode": 4,
					"material" : 28
					,"extensions": {
					"KHR_draco_mesh_compression": {
					"bufferView": 49,
					"attributes" : {
					"POSITION": 0,
					"NORMAL" : 1,
					"TEXCOORD_0" : 2
					}
					}
					}
				}
			]
		},
		{
			"primitives" : [
				{
					"attributes" : {
					"POSITION" : 201,
					"NORMAL" : 202,
					"TEXCOORD_0" : 203
					},
					"indices" : 200,
					"mode": 4,
					"material" : 13
					,"extensions": {
					"KHR_draco_mesh_compression": {
					"bufferView": 50,
					"attributes" : {
					"POSITION": 0,
					"NORMAL" : 1,
					"TEXCOORD_0" : 2
					}
					}
					}
				}
			]
		},
		{
			"primitives" : [
				{
					"attributes" : {
					"POSITION" : 205,
					"NORMAL" : 206,
					"TEXCOORD_0" : 207
					},
					"indices" : 204,
					"mode": 4,
					"material" : 14
					,"extensions": {
					"KHR_draco_mesh_compression": {
					"bufferView": 51,
					"attributes" : {
					"POSITION": 0,
					"NORMAL" : 1,
					"TEXCOORD_0" : 2
					}
					}
					}
				}
			]
		},
		{
			"primitives" : [
				{
					"attributes" : {
					"POSITION" : 209,
					"NORMAL" : 210,
					"TEXCOORD_0" : 211
					},
					"indices" : 208,
					"mode": 4,
					"material" : 29
					,"extensions": {
					"KHR_draco_mesh_compression": {
					"bufferView": 52,
					"attributes" : {
					"POSITION": 0,
					"NORMAL" : 1,
					"TEXCOORD_0" : 2
					}
					}
					}
				},
				{
					"attributes" : {
					"POSITION" : 213,
					"NORMAL" : 214,
					"TEXCOORD_0" : 215
					},
					"indices" : 212,
					"mode": 4,
					"material" : 30
					,"extensions": {
					"KHR_draco_mesh_compression": {
					"bufferView": 53,
					"attributes" : {
					"POSITION": 0,
					"NORMAL" : 1,
					"TEXCOORD_0" : 2
					}
					}
					}
				},
				{
					"attributes" : {
					"POSITION" : 217,
					"NORMAL" : 218,
					"TEXCOORD_0" : 219
					},
					"indices" : 216,
					"mode": 4,
					"material" : 31
					,"extensions": {
					"KHR_draco_mesh_compression": {
					"bufferView": 54,
					"attributes" : {
					"POSITION": 0,
					"NORMAL" : 1,
					"TEXCOORD_0" : 2
					}
					}
					}
				},
				{
					"attributes" : {
					"POSITION" : 221,
					"NORMAL" : 222,
					"TEXCOORD_0" : 223
					},
					"indices" : 220,
					"mode": 4,
					"material" : 32
					,"extensions": {
					"KHR_draco_mesh_compression": {
					"bufferView": 55,
					"attributes" : {
					"POSITION": 0,
					"NORMAL" : 1,
					"TEXCOORD_0" : 2
					}
					}
					}
				},
				{
					"attributes" : {
					"POSITION" : 225,
					"NORMAL" : 226,
					"TEXCOORD_0" : 227
					},
					"indices" : 224,
					"mode": 4,
					"material" : 33
					,"extensions": {
					"KHR_draco_mesh_compression": {
					"bufferView": 56,
					"attributes" : {
					"POSITION": 0,
					"NORMAL" : 1,
					"TEXCOORD_0" : 2
					}
					}
					}
				}
			]
		},
		{
			"primitives" : [
				{
					"attributes" : {
					"POSITION" : 229,
					"NORMAL" : 230,
