{
	"asset": {
		"generator": "SOLIDWORKSGLTF",
		"version" : "2.0"
	},
"extensionsUsed": [ "KHR_lights_punctual", "Solidworks_custom_properties"],
	"scene" : 0,
	"scenes": [
		{
			"name": "Default - Display State-1",
			"nodes": [
				0, 1, 12, 114, 115, 116]
		}
	],
	"nodes": [
		{
			"matrix": [
				0.824826,					-0.0829601,					0.559267,					0,
				0.158933,					0.983311,					-0.0885382,					0,
				-0.542589,					0.161915,					0.824246,					0,
				-11.6593,					6.29584,					20.6154,					1
			]
			,"camera": 0
			,"name": "current"		}
,
		{
			"matrix": [
				0.754333,					-0,					-0.655021,					0,
				0.0287686,					0.998071,					0.0331304,					0,
				0.655021,					-0.0439201,					0.754333,					0,
				8.36648,					2.12514,					12.0357,					1
			]
			,"camera": 1
			,"name": "Camera1"		}
,
		{
			"matrix": [
				1,					0,					0,					0,
				0,					1,					0,					0,
				0,					0,					1,					0,
				0.751589,					2.59117,					24.6406,					1
			]
			,"camera": 2
			,"name": "*Normal To"		}
,
		{
			"matrix": [
				1,					0,					0,					0,
				0,					1,					0,					0,
				0,					0,					1,					0,
				0,					0,					23.2807,					1
			]
			,"camera": 3
			,"name": "*Front"		}
,
		{
			"matrix": [
				-1,					0,					0,					0,
				0,					1,					0,					0,
				0,					0,					-1,					0,
				0,					0,					-23.2807,					1
			]
			,"camera": 4
			,"name": "*Back"		}
,
		{
			"matrix": [
				0,					0,					1,					0,
				0,					1,					0,					0,
				-1,					0,					0,					0,
				-23.2807,					0,					0,					1
			]
			,"camera": 5
			,"name": "*Left"		}
,
		{
			"matrix": [
				0,					0,					-1,					0,
				0,					1,					0,					0,
				1,					0,					0,					0,
				23.2807,					0,					0,					1
			]
			,"camera": 6
			,"name": "*Right"		}
,
		{
			"matrix": [
				1,					0,					0,					0,
				0,					0,					-1,					0,
				0,					1,					0,					0,
				0,					23.2807,					0,					1
			]
			,"camera": 7
			,"name": "*Top"		}
,
		{
			"matrix": [
				1,					0,					0,					0,
				0,					0,					1,					0,
				0,					-1,					0,					0,
				0,					-23.2807,					0,					1
			]
			,"camera": 8
			,"name": "*Bottom"		}
,
		{
			"matrix": [
				0.707107,					0,					-0.707107,					0,
				-0.408204,					0.816541,					-0.408204,					0,
				0.577382,					0.577288,					0.577382,					0,
				13.4418,					13.4396,					13.4418,					1
			]
			,"camera": 9
			,"name": "*Isometric"		}
,
		{
			"matrix": [
				0.884418,					0,					-0.466695,					0,
				-0.240366,					0.857167,					-0.455509,					0,
				0.400036,					0.515038,					0.758094,					0,
				9.3131,					11.9904,					17.6489,					1
			]
			,"camera": 10
			,"name": "*Trimetric"		}
,
		{
			"matrix": [
				0.935414,					0,					-0.353553,					0,
				-0.117851,					0.942809,					-0.311805,					0,
				0.333333,					0.333333,					0.881917,					0,
				7.76022,					7.76022,					20.5316,					1
			]
			,"camera": 11
			,"name": "*Dimetric"		}
,
		{
			"children": [
				13, 14, 24, 25, 26, 27, 28, 29, 30, 36, 37, 38, 41, 42, 43, 47, 48, 57, 58, 59, 60, 61, 64, 65, 66, 70, 73, 76, 77, 83, 84, 85, 113
			]
			,"name": "Navisights_Trike_Assy file"		}
,
		{
			"matrix": [
				-1,					2.77556e-16,					-4.44089e-16,					0,
				8.76655e-17,					-0.747311,					-0.664474,					0,
				-5.16301e-16,					-0.664474,					0.747311,					0,
				0.784838,					1.2697,					1.03936,					1
			]
			,"mesh": 0
			,"name": "Handle-2"		}
,
		{
			"children": [
				15, 16, 17, 18, 19, 20, 21
			]
			,"matrix": [
				-0.254958,					-0.545251,					0.79856,					0,
				1.79772e-17,					0.825852,					0.563887,					0,
				-0.966952,					0.143767,					-0.210558,					0,
				1.23996,					1.28888,					1.33125,					1
			]
			,"name": "Assem1-1"		}
,
		{
			"matrix": [
				-0.254958,					8.12176e-18,					-0.966952,					0,
				-2.22045e-16,					1,					6.93889e-17,					0,
				0.966952,					1.11022e-16,					-0.254958,					0,
				0.0328243,					-0.548808,					0.346138,					1
			]
			,"mesh": 1
			,"name": "bottom pipe-1"		}
,
		{
			"matrix": [
				0.254958,					1.28389e-15,					0.966952,					0,
				-4.44089e-16,					1,					-1.20737e-15,					0,
				-0.966952,					-5.55112e-17,					0.254958,					0,
				0.0984542,					0.00555197,					0.453054,					1
			]
			,"mesh": 2
			,"name": "Handle rear-1"		}
,
		{
			"matrix": [
				0.254958,					4.2023e-18,					0.966952,					0,
				-5.98168e-17,					1,					1.14261e-17,					0,
				-0.966952,					-6.07531e-17,					0.254958,					0,
				0.0940729,					-0.548808,					0.578429,					1
			]
			,"mesh": 3
			,"name": "bottom pipe-2"		}
,
		{
			"matrix": [
				0.966952,					-5.55112e-17,					-0.254958,					0,
				-5.55112e-17,					1,					2.77556e-17,					0,
				0.254958,					-8.12176e-18,					0.966952,					0,
				0.0978681,					-0.533263,					0.592823,					1
			]
			,"mesh": 4
			,"name": "Stud with bearing-1"		}
,
		{
			"matrix": [
				0.183631,					-7.63278e-17,					0.982995,					0,
				-1.66533e-16,					1,					1.249e-16,					0,
				-0.982995,					-1.66533e-16,					0.183631,					0,
				0.0328243,					-0.298448,					0.346138,					1
			]
			,"mesh": 5
			,"name": "Top pipe-1"		}
,
		{
			"matrix": [
				-0.58899,					5.55112e-17,					0.808141,					0,
				1.15189e-16,					1,					1.5262e-17,					0,
				-0.808141,					1.02078e-16,					-0.58899,					0,
				0.0940729,					-0.298448,					0.578429,					1
			]
			,"mesh": 6
			,"name": "Top pipe-2"		}
,
		{
			"children": [
				22, 23
			]
			,"matrix": [
				0.254958,					1.01721e-15,					0.966952,					0,
				0.110646,					0.993432,					-0.0291742,					0,
				-0.960601,					0.114427,					0.253283,					0,
				0.18674,					-0.671212,					0.323306,					1
			]
			,"name": "Rear tyre assembly-1"		}
,
		{
			"matrix": [
				1,					0,					0,					0,
				0,					1,					0,					0,
				0,					0,					1,					0,
				0.10361,					0.119347,					0.169419,					1
			]
			,"mesh": 7
			,"name": "Wheel rim rear-1"		}
,
		{
			"matrix": [
				1,					0,					0,					0,
				0,					1,					0,					0,
				0,					0,					1,					0,
				0.10361,					0.119347,					0.169419,					1
			]
			,"mesh": 8
			,"name": "tyre-1"		}
,
		{
			"matrix": [
				1,					0,					0,					0,
				0,					1,					0,					0,
				0,					0,					1,					0,
				0.976502,					1.41245,					2.88209,					1
			]
			,"mesh": 9
			,"name": "head_lamp_1-1"		}
,
		{
			"matrix": [
				1,					0,					0,					0,
				0,					1,					0,					0,
				0,					0,					1,					0,
				0.784838,					0.861436,					2.68267,					1
			]
			,"mesh": 10
			,"name": "weldments sketch-1"		}
,
		{
			"matrix": [
				-1,					5.82867e-16,					-3.33067e-16,					0,
				-6.10623e-16,					-0.494191,					0.869353,					0,
				3.33067e-16,					0.869353,					0.494191,					0,
				0.784838,					1.20748,					2.6407,					1
			]
			,"mesh": 11
			,"name": "Handle-1"		}
,
		{
			"matrix": [
				0.988801,					-0.00849393,					0.148997,					0,
				0.00940309,					0.999941,					-0.00539846,					0,
				-0.148943,					0.00673904,					0.988823,					0,
				0.00464306,					0.635145,					2.46537,					1
			]
			,"mesh": 12
			,"name": "arm-1"		}
,
		{
			"matrix": [
				1,					0,					0,					0,
				0,					0.999367,					0.035583,					0,
				0,					-0.035583,					0.999367,					0,
				0.784838,					1.22711,					2.33373,					1
			]
			,"name": "Chair-1"		}
,
		{
			"name": "Part6^Navisights_Trike_Assy file-1"		}
,
		{
			"children": [
				31, 32, 33, 34, 35
			]
			,"matrix": [
				0.999656,					-0.0261647,					0.00206009,					0,
				0.0261647,					0.999658,					2.69555e-05,					0,
				-0.00206009,					2.69555e-05,					0.999998,					0,
				0.0096958,					0.706505,					2.58718,					1
			]
			,"name": "Wheel and hub-1"		}
,
		{
			"matrix": [
				1,					0,					0,					0,
				0,					1,					0,					0,
				0,					0,					1,					0,
				-0.0343512,					0.00974919,					0.0119936,					1
			]
			,"mesh": 13
			,"name": "tyre-1"		}
,
		{
			"matrix": [
				6.07153e-18,					-0.0784928,					-0.996915,					0,
				-2.39338e-17,					0.996915,					-0.0784928,					0,
				1,					1.64187e-18,					-4.33681e-19,					0,
				0.0508272,					0.00974919,					0.0119936,					1
			]
			,"mesh": 14
			,"name": "Front knukle left-1"		}
,
		{
			"matrix": [
				-1,					-2.93944e-17,					1.14925e-16,					0,
				1.22949e-16,					-0.500716,					0.865612,					0,
				1.01915e-17,					0.865612,					0.500716,					0,
				-0.0328331,					0.00974919,					0.0119936,					1
			]
			,"mesh": 15
			,"name": "Wheel rim-1"		}
,
		{
			"matrix": [
				6.48353e-17,					0.405982,					0.913881,					0,
				-1.19371e-16,					0.913881,					-0.405982,					0,
				-1,					-8.27687e-17,					1.07714e-16,					0,
				0.0308272,					0.00974919,					0.0119936,					1
			]
			,"mesh": 16
			,"name": "Wheel hub-1"		}
,
		{
			"matrix": [
				-2.26598e-17,					0.902807,					0.430047,					0,
				-8.0231e-18,					0.430047,					-0.902807,					0,
				-1,					-2.39077e-17,					-2.50148e-18,					0,
				0.0308272,					0.00974919,					0.0119936,					1
			]
			,"mesh": 17
			,"name": "bearing-1"		}
,
		{
			"name": "Part2^Navisights_Trike_Assy file-1"		}
,
		{
			"name": "Part5^Navisights_Trike_Assy file-1"		}
,
		{
			"children": [
				39, 40
			]
			,"matrix": [
				-0.030494,					-0.988815,					0.146,					0,
				-0.146091,					0.148908,					0.978,					0,
				-0.988801,					0.00849393,					-0.148997,					0,
				0.124082,					0.734874,					2.63843,					1
			]
			,"name": "Heim-1"		}
,
		{
			"matrix": [
				1,					0,					0,					0,
				0,					1,					0,					0,
				0,					0,					1,					0,
				0.0643665,					0.0090026,					0.0267441,					1
			]
			,"mesh": 18
			,"name": "Ball Joint Casing-3"		}
,
		{
			"matrix": [
				-0.0679343,					-0.986671,					0.147871,					0,
				0.740019,					-0.149239,					-0.65582,					0,
				0.669147,					0.0648746,					0.740293,					0,
				0.0563188,					0.0106256,					0.0529261,					1
			]
			,"mesh": 19
			,"name": "Ball Joint ball-2"		}
,
		{
			"name": "Part4^Navisights_Trike_Assy file-1"		}
,
		{
			"matrix": [
				0.999656,					-0.0261647,					0.00206009,					0,
				0.0262456,					0.996571,					-0.0784658,					0,
				7.99331e-13,					0.0784928,					0.996915,					0,
				0.0607358,					0.717323,					2.62979,					1
			]
			,"name": "Part3^Navisights_Trike_Assy file-1"		}
,
		{
			"children": [
				44, 45, 46
			]
			,"matrix": [
				7.99388e-13,					0.0784928,					0.996915,					0,
				0.724377,					-0.687277,					0.0541132,					0,
				0.689404,					0.722142,					-0.0568584,					0,
				0.024374,					0.78752,					2.56964,					1
			]
			,"name": "suspension-1"		}
,
		{
			"matrix": [
				0.426281,					-0.904591,					3.81639e-17,					0,
				0.904591,					0.426281,					3.46945e-17,					0,
				-4.76529e-17,					1.97331e-17,					1,					0,
				0.0363246,					0.0503459,					0.319608,					1
			]
			,"mesh": 20
			,"name": "base rod for suspension strut-1"		}
,
		{
			"matrix": [
				1,					0,					0,					0,
				0,					1,					0,					0,
				0,					0,					1,					0,
				0.0363246,					0.0503459,					0.0796083,					1
			]
			,"mesh": 21
			,"name": "top rod for suspension strut-1"		}
,
		{
			"matrix": [
				0.0958735,					-0.995394,					-4.2067e-17,					0,
				0.995394,					0.0958735,					-5.83798e-34,					0,
				4.03311e-18,					-4.18733e-17,					1,					0,
				0.0363246,					0.0503459,					0.0976083,					1
			]
			,"mesh": 22
			,"name": "suspension spring-1"		}
,
		{
			"matrix": [
				0.998607,					-0.0106471,					-0.0516791,					0,
				0.0126397,					0.999183,					0.0383861,					0,
				0.0512282,					-0.0389858,					0.997926,					0,
				0.810776,					0.894236,					1.5759,					1
			]
			,"mesh": 23
			,"name": "E67 ECU-1"		}
,
		{
			"children": [
				49, 56
			]
			,"matrix": [
				1,					1.98176e-16,					-1.34687e-16,					0,
				5.82911e-17,					-0.746419,					-0.665477,					0,
				-2.32414e-16,					0.665477,					-0.746419,					0,
				0.725924,					0.826884,					2.9164,					1
			]
			,"name": "Trik Drivetrain-1"		}
,
		{
			"children": [
				50
			]
			,"matrix": [
				1,					2.46519e-32,					0,					0,
				2.46519e-32,					0.97198,					-0.235063,					0,
				0,					0.235063,					0.97198,					0,
				0.0589137,					0.138208,					0.238593,					1
			]
			,"name": "Gear Box with Differential-1"		}
,
		{
			"children": [
				51, 52, 53, 54, 55
			]
			,"name": "Gear Box with Differential.stp-1"		}
,
		{
			"mesh": 24
			,"name": "LHC135.stp-1"		}
,
		{
			"matrix": [
				0,					0,					-1,					0,
				2.46519e-32,					1,					0,					0,
				1,					2.46519e-32,					0,					0,
				-0.022,					0,					0,					1
			]
			,"mesh": 25
			,"name": "RHC135.stp-1"		}
,
		{
			"matrix": [
				1,					0,					0,					0,
				0,					1,					0,					0,
				0,					0,					1,					0,
				-0.0095,					0,					0,					1
			]
			,"mesh": 26
			,"name": "Part3.stp-1"		}
,
		{
			"matrix": [
				-1,					-2.46519e-32,					0,					0,
				-2.46519e-32,					-1,					0,					0,
				0,					0,					1,					0,
				0.022,					0.053033,					0.143033,					1
			]
			,"mesh": 27
			,"name": "Part10.stp-1"		}
,
		{
			"matrix": [
				1,					0,					0,					0,
				0,					1,					0,					0,
				0,					0,					1,					0,
				-0.0851,					0,					0,					1
			]
			,"mesh": 28
			,"name": "Part9.stp-1"		}
,
		{
			"matrix": [
				9.93168e-16,					0.51742,					0.855731,					0,
				1.25796e-15,					-0.855731,					0.51742,					0,
				1,					5.62589e-16,					-1.50078e-15,					0,
				0.116544,					0.223377,					0.365152,					1
			]
			,"mesh": 29
			,"name": "motor model-1"		}
,
		{
			"matrix": [
				0.989386,					0.13583,					-0.0516354,					0,
				0.0402556,					-0.59763,					-0.800761,					0,
				-0.139626,					0.790183,					-0.596754,					0,
				1.0625,					1.50311,					2.60851,					1
			]
			,"mesh": 30
			,"name": "7inch Display-B 800X480px rev3.5-2"		}
,
		{
			"matrix": [
				-0.999382,					0.0177068,					0.030355,					0,
				0.0347401,					0.367543,					0.929357,					0,
				0.00529914,					0.929838,					-0.367932,					0,
				0.792136,					1.4901,					2.61412,					1
			]
			,"mesh": 31
			,"name": "Dashboard-5"		}
,
		{
			"matrix": [
				1,					1.58851e-30,					8.87469e-31,					0,
				2.98024e-18,					0.997868,					0.06526,					0,
				-1.67084e-16,					-0.06526,					0.997868,					0,
				0.784838,					0.861425,					2.23745,					1
			]
			,"mesh": 32
			,"name": "Battery-2"		}
,
		{
			"matrix": [
				1,					5.85021e-33,					0,					0,
				-1.02798e-29,					0.997868,					0.06526,					0,
				4.14152e-30,					-0.06526,					0.997868,					0,
				0.784838,					0.88226,					1.91886,					1
			]
			,"mesh": 33
			,"name": "Battery-1"		}
,
		{
			"children": [
				62, 63
			]
			,"matrix": [
				-0.0324629,					-0.986715,					0.159186,					0,
				-0.145666,					0.16224,					0.97594,					0,
				-0.988801,					0.00849393,					-0.148997,					0,
				0.125953,					0.722082,					2.54824,					1
			]
			,"name": "Heim-3"		}
,
		{
			"matrix": [
				1,					0,					0,					0,
				0,					1,					0,					0,
				0,					0,					1,					0,
				0.0643665,					0.0090026,					0.0267441,					1
			]
			,"mesh": 34
			,"name": "Ball Joint Casing-3"		}
,
		{
			"matrix": [
				-0.0679343,					-0.986671,					0.147871,					0,
				0.740019,					-0.149239,					-0.65582,					0,
				0.669147,					0.0648746,					0.740293,					0,
				0.0563188,					0.0106256,					0.0529261,					1
			]
			,"mesh": 35
			,"name": "Ball Joint ball-2"		}
,
		{
			"matrix": [
				-0.0201476,					-0.714722,					0.699119,					0,
				0.0168198,					0.698919,					0.715003,					0,
				-0.999656,					0.0261647,					-0.00206009,					0,
				0.0181505,					0.716035,					2.59919,					1
			]
			,"mesh": 36
			,"name": "disc-1"		}
,
		{
			"matrix": [
				0,					0.224951,					-0.97437,					0,
				0,					0.97437,					0.224951,					0,
				1,					0,					0,					0,
				0.484838,					1.16013,					2.21553,					1
			]
			,"mesh": 37
			,"name": "mock seat.igs-1"		}
,
		{
			"children": [
				67, 68, 69
			]
			,"matrix": [
				-7.99402e-13,					0.0784928,					0.996915,					0,
				-0.724377,					-0.687277,					0.0541132,					0,
				0.689404,					-0.722142,					0.0568584,					0,
				1.5453,					0.78752,					2.56964,					1
			]
			,"name": "Mirrorsuspension-2"		}
,
		{
			"matrix": [
				1,					0,					0,					0,
				0,					1,					0,					0,
				0,					0,					1,					0,
				0.0363246,					0.0503459,					-0.0796083,					1
			]
			,"mesh": 38
			,"name": "Mirrortop rod for suspension strut-1"		}
,
		{
			"matrix": [
				0.0958735,					-0.995394,					-6.76542e-17,					0,
				0.995394,					0.0958735,					1.38778e-17,					0,
				-7.32762e-18,					-6.86731e-17,					1,					0,
				0.0363246,					0.0503459,					-0.0976083,					1
			]
			,"mesh": 39
			,"name": "Mirrorsuspension spring-1"		}
,
		{
			"matrix": [
				0.426281,					-0.904591,					-7.97973e-17,					0,
				0.904591,					0.426281,					-6.93889e-18,					0,
				4.02929e-17,					-6.9226e-17,					1,					0,
				0.0363246,					0.0503459,					-0.309608,					1
			]
			,"mesh": 40
			,"name": "Mirrorbase rod for suspension strut-1"		}
,
		{
			"children": [
				71, 72
			]
			,"matrix": [
				-0.0324629,					0.986715,					-0.159186,					0,
				0.145666,					0.16224,					0.97594,					0,
				0.988801,					0.00849393,					-0.148997,					0,
				1.4479,					0.595059,					2.56874,					1
			]
			,"name": "Heim-4"		}
,
		{
			"matrix": [
				1,					0,					0,					0,
				0,					1,					0,					0,
				0,					0,					1,					0,
				0.0643665,					0.0090026,					0.0267441,					1
			]
			,"mesh": 41
			,"name": "Ball Joint Casing-3"		}
,
		{
			"matrix": [
				-0.0679343,					-0.986671,					0.147871,					0,
				0.740019,					-0.149239,					-0.65582,					0,
				0.669147,					0.0648746,					0.740293,					0,
				0.0563188,					0.0106256,					0.0529261,					1
			]
			,"mesh": 42
			,"name": "Ball Joint ball-2"		}
,
		{
			"children": [
				74, 75
			]
			,"matrix": [
				0.030494,					-0.988815,					0.146,					0,
				0.146091,					0.148908,					0.978,					0,
				-0.988801,					-0.00849393,					0.148997,					0,
				1.44559,					0.734874,					2.63843,					1
			]
			,"name": "MirrorHeim-4"		}
,
		{
			"matrix": [
				-0.0679343,					-0.986671,					-0.147871,					0,
				0.740019,					-0.149239,					0.65582,					0,
				-0.669147,					-0.0648746,					0.740293,					0,
				0.0563188,					0.0106256,					-0.0529261,					1
			]
			,"mesh": 43
			,"name": "MirrorBall Joint ball-1"		}
,
		{
			"matrix": [
				1,					0,					0,					0,
				0,					1,					0,					0,
				0,					0,					1,					0,
				0.0643665,					0.0090026,					-0.0267441,					1
			]
			,"mesh": 44
			,"name": "MirrorBall Joint Casing-1"		}
,
		{
			"matrix": [
				-0.988801,					-0.00849393,					0.148997,					0,
				-0.00940309,					0.999941,					-0.00539846,					0,
				-0.148943,					-0.00673904,					-0.988823,					0,
				1.56503,					0.635145,					2.46537,					1
			]
			,"mesh": 45
			,"name": "Mirrorarm-2"		}
,
		{
			"children": [
				78, 79, 80, 81, 82
			]
			,"matrix": [
				-0.999656,					-0.0261647,					0.00206009,					0,
				-0.0261647,					0.999658,					2.69555e-05,					0,
				-0.00206009,					-2.69555e-05,					-0.999998,					0,
				1.55998,					0.706505,					2.58718,					1
			]
			,"name": "MirrorWheel and hub-2"		}
,
		{
			"matrix": [
				1,					0,					0,					0,
				0,					1,					0,					0,
				0,					0,					1,					0,
				-0.0343512,					0.00974919,					-0.0119936,					1
			]
			,"mesh": 46
			,"name": "Mirrortyre-1"		}
,
		{
			"matrix": [
				7.89299e-17,					0.405982,					-0.913881,					0,
				-9.82287e-17,					0.913881,					0.405982,					0,
				1,					5.71186e-17,					1.10589e-16,					0,
				0.0308272,					0.00974919,					-0.0119936,					1
			]
			,"mesh": 47
			,"name": "MirrorWheel hub-1"		}
,
		{
			"matrix": [
				-1,					-5.71186e-17,					-1.10589e-16,					0,
				1.21647e-16,					-0.500716,					-0.865612,					0,
				-1.10589e-17,					-0.865612,					0.500716,					0,
				-0.0328331,					0.00974919,					-0.0119936,					1
			]
			,"mesh": 48
			,"name": "MirrorWheel rim-1"		}
,
		{
			"matrix": [
				1.51788e-18,					0.902807,					-0.430047,					0,
				6.50521e-19,					0.430047,					0.902807,					0,
				1,					-1.65011e-18,					6.54655e-20,					0,
				0.0308272,					0.00974919,					-0.0119936,					1
			]
			,"mesh": 49
			,"name": "Mirrorbearing-1"		}
,
		{
			"matrix": [
				-4.33681e-19,					-0.0784928,					0.996915,					0,
				3.14419e-18,					0.996915,					0.0784928,					0,
				-1,					-1.61047e-18,					4.33681e-19,					0,
				0.0508272,					0.00974919,					-0.0119936,					1
			]
			,"mesh": 50
			,"name": "MirrorFront knukle left-1"		}
,
		{
			"matrix": [
				-0.989386,					0.13583,					-0.0516354,					0,
				0.0402556,					0.59763,					0.800761,					0,
				0.139626,					0.790183,					-0.596754,					0,
				0.507173,					1.50311,					2.60851,					1
			]
			,"mesh": 51
			,"name": "7inch Display-B 800X480px rev3.5-5"		}
,
		{
			"matrix": [
				0.0201476,					-0.714722,					0.699119,					0,
				-0.0168198,					0.698919,					0.715003,					0,
				-0.999656,					-0.0261647,					0.00206009,					0,
				1.55153,					0.716035,					2.59919,					1
			]
			,"mesh": 52
			,"name": "Mirrordisc-2"		}
,
		{
			"children": [
				86
			]
			,"matrix": [
				1,					0,					0,					0,
				0,					1,					0,					0,
				0,					0,					1,					0,
				0.784838,					2.64174,					1.63423,					1
			]
			,"name": "AD2-S-X3 3D Model v1.step-1"		}
,
		{
			"children": [
				87
			]
			,"name": "230602000_ASSY-20240306.step-1"		}
,
		{
			"children": [
				88, 97, 98, 99, 100, 101, 102, 103, 111, 112
			]
			,"name": "230602000_ASSY-20240306.stp.step-1"		}
,
		{
			"children": [
				89, 90, 91, 92, 93, 94
			]
			,"name": "220301002_ASM.stp.step-1"		}
,
		{
			"matrix": [
				1,					0,					0,					0,
				0,					-1,					0,					0,
				0,					0,					-1,					0,
				0.04415,					0.0065,					-0.00555,					1
			]
			,"mesh": 53
			,"name": "200201014.stp_Duplicated_20.step-3"		}
,
		{
			"mesh": 54
			,"name": "200302005.stp.step-1"		}
,
		{
			"matrix": [
				1,					0,					0,					0,
				0,					-1,					0,					0,
				0,					0,					-1,					0,
				0.04415,					-0.023,					-0.00555,					1
			]
			,"mesh": 55
			,"name": "200201014.stp_Duplicated_20.step-4"		}
,
		{
			"matrix": [
				1,					0,					0,					0,
				0,					-1,					0,					0,
				0,					0,					-1,					0,
				0.05245,					0.0065,					-0.00555,					1
			]
			,"mesh": 56
			,"name": "200201014.stp_Duplicated_20.step-2"		}
,
		{
			"matrix": [
				1,					0,					0,					0,
				0,					-1,					0,					0,
				0,					0,					-1,					0,
				0.05245,					-0.023,					-0.00555,					1
			]
			,"mesh": 57
			,"name": "200201014.stp_Duplicated_20.step-1"		}
,
		{
			"children": [
				95
			]
			,"matrix": [
				0,					0,					-1,					0,
				0,					-1,					0,					0,
				-1,					0,					0,					0,
				0.0431973,					0.00409238,					0.0066,					1
			]
			,"name": "100406215_ASM.stp.step-1"		}
,
		{
			"children": [
				96
			]
			,"name": "COT001-08S1X-XX_STP_ASM.stp.step-1"		}
,
		{
			"matrix": [
				0,					1,					0,					0,
				0,					0,					1,					0,
				1,					0,					0,					0,
				0.0176,					0.00819238,					-0.00510266,					1
			]
			,"mesh": 58
			,"name": "C-2446023_20230309_4_8MM_1__STP.stp.step-1"		}
,
		{
			"matrix": [
				1,					0,					0,					0,
				0,					0,					1,					0,
				0,					-1,					0,					0,
				0.035,					-0.0237,					0.0991343,					1
			]
			,"mesh": 59
			,"name": "200201011.stp_Duplicated_2.step-2"		}
,
		{
			"matrix": [
				1,					0,					0,					0,
				0,					0.295831,					-0.95524,					0,
				0,					0.95524,					0.295831,					0,
				0.0775,					-0.0157582,					0.0541125,					1
			]
			,"mesh": 60
			,"name": "200201014.stp_Duplicated_20.step-5"		}
,
		{
			"matrix": [
				0,					0.996217,					0.0869051,					0,
				1,					0,					0,					0,
				0,					0.0869051,					-0.996217,					0,
				0.075,					0.0075,					0.038,					1
			]
			,"mesh": 61
			,"name": "200210002.stp.step-1"		}
,
		{
			"matrix": [
				1,					0,					-0.000418959,					0,
				0.000418959,					0,					1,					0,
				0,					-1,					0,					0,
				-0.035,					-0.0237,					0.0991343,					1
			]
			,"mesh": 62
			,"name": "200201011.stp_Duplicated_2.step-1"		}
,
		{
			"matrix": [
				1,					0,					0,					0,
				0,					0.295831,					-0.95524,					0,
				0,					0.95524,					0.295831,					0,
				0.0775,					0.0025136,					-0.00488749,					1
			]
			,"mesh": 63
			,"name": "200201014.stp_Duplicated_20.step-1"		}
,
		{
			"matrix": [
				1,					0,					0,					0,
				0,					0.295831,					-0.95524,					0,
				0,					0.95524,					0.295831,					0,
				-0.0775,					0.0025136,					-0.00488749,					1
			]
			,"mesh": 64
			,"name": "200201014.stp_Duplicated_20.step-2"		}
,
		{
			"children": [
				104, 105, 108, 110
			]
			,"name": "220301001_ASM.stp.step-1"		}
,
		{
			"matrix": [
				1,					0,					0,					0,
				0,					0,					1,					0,
				0,					-1,					0,					0,
				0.0545018,					-0.0059,					0.081496,					1
			]
			,"mesh": 65
			,"name": "200201012.stp_Duplicated_16.step-2"		}
,
		{
			"children": [
				106, 107
			]
			,"name": "220302001_ASM.stp.step-1"		}
,
		{
			"mesh": 66
			,"name": "200304002.stp_Duplicated_11.step-1"		}
,
		{
			"mesh": 67
			,"name": "200302004.stp_Duplicated_17.step-1"		}
,
		{
			"children": [
				109
			]
			,"name": "200506001_ASM.stp.step-1"		}
,
		{
			"matrix": [
				0,					0.00827308,					-0.999966,					0,
				-1,					0,					0,					0,
				0,					0.999966,					0.00827308,					0,
				5.22335e-07,					-1.2696,					1.18495,					1
			]
			,"mesh": 68
			,"name": "200506004.stp.step-1"		}
,
		{
			"matrix": [
				1,					0,					0,					0,
				0,					0,					1,					0,
				0,					-1,					0,					0,
				0.0374825,					-0.0059,					0.0873562,					1
			]
			,"mesh": 69
			,"name": "200201012.stp_Duplicated_16.step-1"		}
,
		{
			"matrix": [
				1,					0,					0,					0,
				0,					0.295831,					-0.95524,					0,
				0,					0.95524,					0.295831,					0,
				0,					0.00830402,					-0.025275,					1
			]
			,"mesh": 70
			,"name": "200201014.stp_Duplicated_20.step-4"		}
,
		{
			"matrix": [
				1,					0,					0,					0,
				0,					0.295831,					-0.95524,					0,
				0,					0.95524,					0.295831,					0,
				-0.0775,					-0.0157582,					0.0541125,					1
			]
			,"mesh": 71
			,"name": "200201014.stp_Duplicated_20.step-3"		}
,
		{
			"matrix": [
				-1,					0,					0,					0,
				0,					1,					0,					0,
				0,					0,					-1,					0,
				0.593174,					1.41245,					2.88209,					1
			]
			,"mesh": 72
			,"name": "Mirrorhead_lamp_1-4"		}
,
		{
			"matrix": [
				0.463288,					-0.655528,					0,					0,
				-0.390932,					-0.276287,					-0.644353,					0,
				0.655528,					0.463288,					-0.596361,					0,
				-3.5571,					2.51395,					3.23604,					1
			]
			,"extensions" : {
				"KHR_lights_punctual" : {
					"light" : 0
				}
			}
			,"name": "LightNode_Directional1"		}
,
		{
			"matrix": [
				0.714938,					0.667629,					-0,					0,
				0.138659,					-0.148484,					-0.956866,					0,
				-0.667629,					0.714938,					-0.207688,					0,
				3.62276,					3.87948,					1.12698,					1
			]
			,"extensions" : {
				"KHR_lights_punctual" : {
					"light" : 1
				}
			}
			,"name": "LightNode_Directional2"		}
,
		{
			"matrix": [
				0.683954,					0.157285,					-0,					0,
				0.112045,					-0.487227,					-0.492532,					0,
				-0.157285,					0.683954,					-0.712368,					0,
				0.853475,					3.71135,					3.86553,					1
			]
			,"extensions" : {
				"KHR_lights_punctual" : {
					"light" : 2
				}
			}
			,"name": "LightNode_Directional3"		}
	],
	"cameras": [
		{
			"type": "orthographic",
			"orthographic" : {
				"xmag": 1,
				"ymag" : 1,
				"zfar" : 100,
				"znear" : 0.01
			}
		}
,
		{
			"type": "perspective",
			"perspective" : {
				"aspectRatio": 1.33333,
				"yfov" : 0.408407,
				"zfar" : 100,
				"znear" : 0.01
			}
		}
,
		{
			"type": "orthographic",
			"orthographic" : {
				"xmag": 1,
				"ymag" : 1,
				"zfar" : 100,
				"znear" : 0.01
			}
		}
,
		{
			"type": "orthographic",
			"orthographic" : {
				"xmag": 1,
				"ymag" : 1,
				"zfar" : 100,
				"znear" : 0.01
			}
		}
,
		{
			"type": "orthographic",
			"orthographic" : {
				"xmag": 1,
				"ymag" : 1,
				"zfar" : 100,
				"znear" : 0.01
			}
		}
,
		{
			"type": "orthographic",
			"orthographic" : {
				"xmag": 1,
				"ymag" : 1,
				"zfar" : 100,
				"znear" : 0.01
			}
		}
,
		{
			"type": "orthographic",
			"orthographic" : {
				"xmag": 1,
				"ymag" : 1,
				"zfar" : 100,
				"znear" : 0.01
			}
		}
,
		{
			"type": "orthographic",
			"orthographic" : {
				"xmag": 1,
				"ymag" : 1,
				"zfar" : 100,
				"znear" : 0.01
			}
		}
,
		{
			"type": "orthographic",
			"orthographic" : {
				"xmag": 1,
				"ymag" : 1,
				"zfar" : 100,
				"znear" : 0.01
			}
		}
,
		{
			"type": "orthographic",
			"orthographic" : {
				"xmag": 1,
				"ymag" : 1,
				"zfar" : 100,
				"znear" : 0.01
			}
		}
,
		{
			"type": "orthographic",
			"orthographic" : {
				"xmag": 1,
				"ymag" : 1,
				"zfar" : 100,
				"znear" : 0.01
			}
		}
,
		{
			"type": "orthographic",
			"orthographic" : {
				"xmag": 1,
				"ymag" : 1,
				"zfar" : 100,
				"znear" : 0.01
			}
		}
	],
	"extensions": {
		"KHR_lights_punctual" : {
			"lights": [
				{
					"color" : [
						0.58,
						0.58,
						0.58
					],
					"type" : "directional"
				},
				{
					"color" : [
						0.4,
						0.4,
						0.4
					],
					"type" : "directional"
				},
				{
					"color" : [
						0.45,
						0.45,
						0.45
					],
					"type" : "directional"
				}
			]
		}
	},
	"meshes" : [
		{
			"primitives" : [
				{
					"attributes" : {
					"POSITION" : 1,
					"NORMAL" : 2,
					"TEXCOORD_0" : 3
					},
					"indices" : 0,
					"mode": 4,
					"material" : 1
				}
			]
		},
		{
			"primitives" : [
				{
					"attributes" : {
					"POSITION" : 5,
					"NORMAL" : 6,
					"TEXCOORD_0" : 7
					},
					"indices" : 4,
					"mode": 4,
					"material" : 2
				},
				{
					"attributes" : {
					"POSITION" : 9,
					"NORMAL" : 10,
					"TEXCOORD_0" : 11
					},
					"indices" : 8,
					"mode": 4,
					"material" : 3
				},
				{
					"attributes" : {
					"POSITION" : 13,
					"NORMAL" : 14,
					"TEXCOORD_0" : 15
					},
					"indices" : 12,
					"mode": 4,
					"material" : 4
				},
				{
					"attributes" : {
					"POSITION" : 17,
					"NORMAL" : 18,
					"TEXCOORD_0" : 19
					},
					"indices" : 16,
					"mode": 4,
					"material" : 5
				}
			]
		},
		{
			"primitives" : [
				{
					"attributes" : {
					"POSITION" : 21,
					"NORMAL" : 22,
					"TEXCOORD_0" : 23
					},
					"indices" : 20,
					"mode": 4,
					"material" : 6
				}
			]
		},
		{
			"primitives" : [
				{
					"attributes" : {
					"POSITION" : 25,
					"NORMAL" : 26,
					"TEXCOORD_0" : 27
					},
					"indices" : 24,
					"mode": 4,
					"material" : 2
				},
				{
					"attributes" : {
					"POSITION" : 29,
					"NORMAL" : 30,
					"TEXCOORD_0" : 31
					},
					"indices" : 28,
					"mode": 4,
					"material" : 3
				},
				{
					"attributes" : {
					"POSITION" : 33,
					"NORMAL" : 34,
					"TEXCOORD_0" : 35
					},
					"indices" : 32,
					"mode": 4,
					"material" : 4
				},
				{
					"attributes" : {
					"POSITION" : 37,
					"NORMAL" : 38,
					"TEXCOORD_0" : 39
					},
					"indices" : 36,
					"mode": 4,
					"material" : 5
				}
			]
		},
		{
			"primitives" : [
				{
					"attributes" : {
					"POSITION" : 41,
					"NORMAL" : 42,
					"TEXCOORD_0" : 43
					},
					"indices" : 40,
					"mode": 4,
					"material" : 0
				},
				{
					"attributes" : {
					"POSITION" : 45,
					"NORMAL" : 46,
					"TEXCOORD_0" : 47
					},
					"indices" : 44,
					"mode": 4,
					"material" : 7
				}
			]
		},
		{
			"primitives" : [
				{
					"attributes" : {
					"POSITION" : 49,
					"NORMAL" : 50,
					"TEXCOORD_0" : 51
					},
					"indices" : 48,
					"mode": 4,
					"material" : 8
				},
				{
					"attributes" : {
					"POSITION" : 53,
					"NORMAL" : 54,
					"TEXCOORD_0" : 55
					},
					"indices" : 52,
					"mode": 4,
					"material" : 9
				}
			]
		},
		{
			"primitives" : [
				{
					"attributes" : {
					"POSITION" : 57,
					"NORMAL" : 58,
					"TEXCOORD_0" : 59
					},
					"indices" : 56,
					"mode": 4,
					"material" : 8
				},
				{
					"attributes" : {
					"POSITION" : 61,
					"NORMAL" : 62,
					"TEXCOORD_0" : 63
					},
					"indices" : 60,
					"mode": 4,
					"material" : 9
				}
			]
		},
		{
			"primitives" : [
				{
					"attributes" : {
					"POSITION" : 65,
					"NORMAL" : 66,
					"TEXCOORD_0" : 67
					},
					"indices" : 64,
					"mode": 4,
					"material" : 10
				}
			]
		},
		{
			"primitives" : [
				{
					"attributes" : {
					"POSITION" : 69,
					"NORMAL" : 70,
					"TEXCOORD_0" : 71
					},
					"indices" : 68,
					"mode": 4,
					"material" : 11
				},
				{
					"attributes" : {
					"POSITION" : 73,
					"NORMAL" : 74,
					"TEXCOORD_0" : 75
					},
					"indices" : 72,
					"mode": 4,
					"material" : 11
				}
			]
		},
		{
			"primitives" : [
				{
					"attributes" : {
					"POSITION" : 77,
					"NORMAL" : 78,
					"TEXCOORD_0" : 79
					},
					"indices" : 76,
					"mode": 4,
					"material" : 12
				},
				{
					"attributes" : {
					"POSITION" : 81,
					"NORMAL" : 82,
					"TEXCOORD_0" : 83
					},
					"indices" : 80,
					"mode": 4,
					"material" : 13
				},
				{
					"attributes" : {
					"POSITION" : 85,
					"NORMAL" : 86,
					"TEXCOORD_0" : 87
					},
					"indices" : 84,
					"mode": 4,
					"material" : 14
				},
				{
					"attributes" : {
					"POSITION" : 89,
					"NORMAL" : 90,
					"TEXCOORD_0" : 91
					},
					"indices" : 88,
					"mode": 4,
					"material" : 15
				},
				{
					"attributes" : {
					"POSITION" : 93,
					"NORMAL" : 94,
					"TEXCOORD_0" : 95
					},
					"indices" : 92,
					"mode": 4,
					"material" : 16
				}
			]
		},
		{
			"primitives" : [
				{
					"attributes" : {
					"POSITION" : 97,
					"NORMAL" : 98,
					"TEXCOORD_0" : 99
					},
					"indices" : 96,
					"mode": 4,
					"material" : 0
				},
				{
					"attributes" : {
					"POSITION" : 101,
					"NORMAL" : 102,
					"TEXCOORD_0" : 103
					},
					"indices" : 100,
					"mode": 4,
					"material" : 0
				},
				{
					"attributes" : {
					"POSITION" : 105,
					"NORMAL" : 106,
					"TEXCOORD_0" : 107
					},
					"indices" : 104,
					"mode": 4,
					"material" : 0
				},
				{
					"attributes" : {
					"POSITION" : 109,
					"NORMAL" : 110,
					"TEXCOORD_0" : 111
					},
					"indices" : 108,
					"mode": 4,
					"material" : 0
				},
				{
					"attributes" : {
					"POSITION" : 113,
					"NORMAL" : 114,
					"TEXCOORD_0" : 115
					},
					"indices" : 112,
					"mode": 4,
					"material" : 17
				},
				{
					"attributes" : {
					"POSITION" : 117,
					"NORMAL" : 118,
					"TEXCOORD_0" : 119
					},
					"indices" : 116,
					"mode": 4,
					"material" : 18
				},
				{
					"attributes" : {
					"POSITION" : 121,
					"NORMAL" : 122,
					"TEXCOORD_0" : 123
					},
					"indices" : 120,
					"mode": 4,
					"material" : 19
				},
				{
					"attributes" : {
					"POSITION" : 125,
					"NORMAL" : 126,
					"TEXCOORD_0" : 127
					},
					"indices" : 124,
					"mode": 4,
					"material" : 20
				},
				{
					"attributes" : {
					"POSITION" : 129,
					"NORMAL" : 130,
					"TEXCOORD_0" : 131
					},
					"indices" : 128,
					"mode": 4,
					"material" : 21
				},
				{
					"attributes" : {
					"POSITION" : 133,
					"NORMAL" : 134,
					"TEXCOORD_0" : 135
					},
					"indices" : 132,
					"mode": 4,
					"material" : 22
				},
				{
					"attributes" : {
					"POSITION" : 137,
					"NORMAL" : 138,
					"TEXCOORD_0" : 139
					},
					"indices" : 136,
					"mode": 4,
					"material" : 23
				},
				{
					"attributes" : {
					"POSITION" : 141,
					"NORMAL" : 142,
					"TEXCOORD_0" : 143
					},
					"indices" : 140,
					"mode": 4,
					"material" : 24
				}
			]
		},
		{
			"primitives" : [
				{
					"attributes" : {
					"POSITION" : 145,
					"NORMAL" : 146,
					"TEXCOORD_0" : 147
					},
					"indices" : 144,
					"mode": 4,
					"material" : 1
				}
			]
		},
		{
			"primitives" : [
				{
					"attributes" : {
					"POSITION" : 149,
					"NORMAL" : 150,
					"TEXCOORD_0" : 151
					},
					"indices" : 148,
					"mode": 4,
					"material" : 0
				},
				{
					"attributes" : {
					"POSITION" : 153,
					"NORMAL" : 154,
					"TEXCOORD_0" : 155
					},
					"indices" : 152,
					"mode": 4,
					"material" : 25
				},
				{
					"attributes" : {
					"POSITION" : 157,
					"NORMAL" : 158,
					"TEXCOORD_0" : 159
					},
					"indices" : 156,
					"mode": 4,
					"material" : 26
				}
			]
		},
		{
			"primitives" : [
				{
					"attributes" : {
					"POSITION" : 161,
					"NORMAL" : 162,
					"TEXCOORD_0" : 163
					},
					"indices" : 160,
					"mode": 4,
					"material" : 11
				},
				{
					"attributes" : {
					"POSITION" : 165,
					"NORMAL" : 166,
					"TEXCOORD_0" : 167
					},
					"indices" : 164,
					"mode": 4,
					"material" : 11
				}
			]
		},
		{
			"primitives" : [
				{
					"attributes" : {
					"POSITION" : 169,
					"NORMAL" : 170,
					"TEXCOORD_0" : 171
					},
					"indices" : 168,
					"mode": 4,
					"material" : 27
				}
			]
		},
		{
			"primitives" : [
				{
					"attributes" : {
					"POSITION" : 173,
					"NORMAL" : 174,
					"TEXCOORD_0" : 175
					},
					"indices" : 172,
					"mode": 4,
					"material" : 28
				}
			]
		},
		{
			"primitives" : [
				{
					"attributes" : {
					"POSITION" : 177,
					"NORMAL" : 178,
					"TEXCOORD_0" : 179
					},
					"indices" : 176,
					"mode": 4,
					"material" : 0
				},
				{
					"attributes" : {
					"POSITION" : 181,
					"NORMAL" : 182,
					"TEXCOORD_0" : 183
					},
					"indices" : 180,
					"mode": 4,
					"material" : 29
				},
				{
					"attributes" : {
					"POSITION" : 185,
					"NORMAL" : 186,
					"TEXCOORD_0" : 187
					},
					"indices" : 184,
					"mode": 4,
					"material" : 30
				}
			]
		},
		{
			"primitives" : [
				{
					"attributes" : {
					"POSITION" : 189,
					"NORMAL" : 190,
					"TEXCOORD_0" : 191
					},
					"indices" : 188,
					"mode": 4,
					"material" : 31
				},
				{
					"attributes" : {
					"POSITION" : 193,
					"NORMAL" : 194,
					"TEXCOORD_0" : 195
					},
					"indices" : 192,
					"mode": 4,
					"material" : 32
				}
			]
		},
		{
			"primitives" : [
				{
					"attributes" : {
					"POSITION" : 197,
					"NORMAL" : 198,
					"TEXCOORD_0" : 199
					},
					"indices" : 196,
					"mode": 4,
					"material" : 33
				}
			]
		},
		{
			"primitives" : [
				{
					"attributes" : {
					"POSITION" : 201,
					"NORMAL" : 202,
					"TEXCOORD_0" : 203
					},
					"indices" : 200,
					"mode": 4,
					"material" : 34
				}
			]
		},
		{
			"primitives" : [
				{
					"attributes" : {
					"POSITION" : 205,
					"NORMAL" : 206,
					"TEXCOORD_0" : 207
					},
					"indices" : 204,
					"mode": 4,
					"material" : 35
				}
			]
		},
		{
			"primitives" : [
				{
					"attributes" : {
					"POSITION" : 209,
					"NORMAL" : 210,
					"TEXCOORD_0" : 211
					},
					"indices" : 208,
					"mode": 4,
					"material" : 0
				}
			]
		},
		{
			"primitives" : [
				{
					"attributes" : {
					"POSITION" : 213,
					"NORMAL" : 214,
					"TEXCOORD_0" : 215
					},
					"indices" : 212,
					"mode": 4,
					"material" : 36
				},
				{
					"attributes" : {
					"POSITION" : 217,
					"NORMAL" : 218,
					"TEXCOORD_0" : 219
					},
					"indices" : 216,
					"mode": 4,
					"material" : 36
				}
			]
		},
		{
			"primitives" : [
				{
					"attributes" : {
					"POSITION" : 221,
					"NORMAL" : 222,
					"TEXCOORD_0" : 223
					},
					"indices" : 220,
					"mode": 4,
					"material" : 37
				},
				{
					"attributes" : {
					"POSITION" : 225,
					"NORMAL" : 226,
					"TEXCOORD_0" : 227
					},
					"indices" : 224,
					"mode": 4,
					"material" : 38
				},
				{
					"attributes" : {
					"POSITION" : 229,
					"NORMAL" : 230,
					"TEXCOORD_0" : 231
					},
					"indices" : 228,
					"mode": 4,
					"material" : 39
				},
				{
					"attributes" : {
					"POSITION" : 233,
					"NORMAL" : 234,
					"TEXCOORD_0" : 235
					},
					"indices" : 232,
					"mode": 4,
					"material" : 39
				},
				{
					"attributes" : {
					"POSITION" : 237,
					"NORMAL" : 238,
					"TEXCOORD_0" : 239
					},
					"indices" : 236,
					"mode": 4,
